YKIC131213Loc_DoubleSound 1 500 -24 -1.589622 0.000774288 0.4174406 0.2476513 0.1243297 0.2098042 2 0.4573998 0.2424477 15 3 7 
YKIC131213Loc_DoubleSound 1 500 -6 2.871059 0.003931692 0.09100996 0.905058 1.594147e-07 1.753928e-07 3 0.1481838 0.5997251 9 13 11 
YKIC131213Loc_DoubleSound 1 500 6 20.01352 0.1225001 0.1918891 0.6856108 8.61652e-19 1.072219e-18 3 0.6278734 0.2794971 5 13 5 
YKIC131213Loc_DoubleSound 1 500 24 36.32091 0.7056956 0.05931982 0.2349846 5.062452e-20 5.152645e-20 1 0.03035616 0.6831029 9 7 10 
YKIC131213Loc_DoubleSound 1 1100 -24 -1.851327 0.0005232832 0.1706031 0.04163847 0.2479422 0.5392929 5 0.03418614 0.2434065 10 3 4 
YKIC131213Loc_DoubleSound 1 1100 -6 0.1351037 0.0003758419 2.827352e-05 0.1334235 0.4907791 0.3753933 4 0.01841605 0.576874 10 13 13 
YKIC131213Loc_DoubleSound 1 1100 6 7.53161 0.1646948 0.01063534 0.8246698 8.344934e-09 9.884926e-09 3 0.6808186 0.2797276 3 13 8 
YKIC131213Loc_DoubleSound 1 1100 24 14.61327 0.3291089 0.01235587 0.6585353 1.910195e-09 1.936826e-09 3 0.2742856 0.6899496 14 7 12 
YKIC131217Loc_DoubleSound 1 609 -24 2.180034 0.009900197 1.006488e-07 0.3582581 0.2739445 0.3578972 3 0.7651859 0.50415 11 3 5 
YKIC131217Loc_DoubleSound 1 609 -6 -0.7753069 0.0007951923 0.0005160538 0.132188 0.4418299 0.4246708 4 0.120484 0.8868469 14 12 10 
YKIC131217Loc_DoubleSound 1 609 6 -0.9742209 0.02740683 0.007775052 0.96456 0.0001282107 0.0001299213 3 0.6885296 2.663474e-05 3 15 6 
YKIC131217Loc_DoubleSound 1 609 24 8.003325 0.94726 0.03232413 0.02041467 6.063861e-07 6.195762e-07 1 0.6682624 0.8745178 11 8 9 
YKIC131217Loc_DoubleSound 1 903 -24 11.26158 0.0001318945 7.60486e-09 0.008572439 0.2967232 0.6945724 5 0.116513 0.5070646 16 3 4 
YKIC131217Loc_DoubleSound 1 903 -6 -1.482001 0.03659035 0.0001800542 0.3471716 0.2966971 0.3193609 3 0.8258243 0.8849986 14 12 5 
YKIC131217Loc_DoubleSound 1 903 6 2.819716 0.1855259 0.006158155 0.8080208 0.0001107874 0.0001843242 3 0.5149839 2.735263e-05 8 15 6 
YKIC131217Loc_DoubleSound 1 903 24 -0.1516411 0.02047304 0.01886984 0.9514696 0.004444173 0.004743364 3 0.188974 0.8840519 13 8 6 
YKIC131218Loc_DoubleSound 1 500 -6 88.18024 8.914907e-09 3.859635e-29 6.759696e-08 0.08242549 0.9175744 5 1.310863e-12 2.333653e-31 13 12 5 
YKIC131218Loc_DoubleSound 1 500 6 0.6516264 NaN NaN NaN NaN NaN 0.9026911 NaN 2 7 7 
YKIC131218Loc_DoubleSound 1 500 24 42.42946 NaN NaN NaN NaN NaN 2.31705e-22 NaN 7 6 7 
YKIC131219Loc_DoubleSound 1 500 -24 -2.84386 NaN NaN NaN NaN NaN 6.968731e-06 0.01917434 14 5 7 
YKIC131219Loc_DoubleSound 1 500 -6 5.331344 1.177162e-24 1 1.892681e-25 1.309064e-16 6.036884e-14 2 3.367798e-27 2.117043e-19 15 21 13 
YKIC131219Loc_DoubleSound 1 500 6 6.246098 2.247343e-08 1 2.278935e-16 6.201575e-32 9.260035e-32 2 0.04681475 2.021836e-07 5 17 14 
YKIC131219Loc_DoubleSound 1 500 24 -1.95025 4.354743e-51 1 7.47281e-52 2.911543e-65 7.800698e-62 2 4.623482e-18 3.899234e-18 25 16 16 
YKIC131219Loc_DoubleSound 1 1100 -24 -5.478336 0.04800477 0.1004178 0.7674396 0.04285401 0.04128375 3 1.121412e-29 0.01898736 15 5 10 
YKIC131219Loc_DoubleSound 1 1100 -6 10.36188 0.9316772 3.457295e-38 0.008138997 0.001490163 0.05869364 1 1.191755e-11 9.279878e-28 16 21 24 
YKIC131219Loc_DoubleSound 1 1100 6 17.2846 5.193008e-05 0.9934796 0.006468448 1.477397e-21 1.503134e-21 2 5.44916e-11 1.863169e-06 11 17 6 
YKIC131219Loc_DoubleSound 1 1100 24 -0.8099603 5.815598e-25 1 4.533564e-43 1.557845e-50 5.358155e-47 2 2.517657e-07 3.75939e-18 12 16 13 
YKIC140109Loc_DoubleSound 1 500 -6 -0.5209896 0.3775509 1.932602e-11 0.4690814 0.03954697 0.1138207 3 0.005399017 1.354612e-06 9 13 9 
YKIC140109Loc_DoubleSound 1 500 6 1.65673 0.999457 2.019027e-05 0.0004456401 3.793016e-05 3.926202e-05 1 0.3581946 0.06441304 4 16 4 
YKIC140109Loc_DoubleSound 1 500 24 4.077781 0.002735873 0.9967285 0.0005356004 6.93938e-09 1.165384e-08 2 0.2014786 0.8570159 14 10 10 
YKIC140109Loc_DoubleSound 1 1100 -6 1.704437 0.02724174 1.652229e-07 0.3171395 0.2075559 0.4480627 5 0.01653589 1.335535e-06 13 13 6 
YKIC140109Loc_DoubleSound 1 1100 6 -0.1760171 0.6941909 2.840937e-10 0.2203732 0.01550125 0.06993459 1 0.832893 0.06440575 3 16 4 
YKIC140109Loc_DoubleSound 1 1100 24 10.47974 0.9977038 0.002294662 1.574376e-06 1.739639e-10 1.762565e-10 1 1.066829e-06 0.8514857 12 10 13 
YKIC140110Loc_DoubleSound 1 500 -6 -0.3800959 0.003787041 0.00213855 0.008178336 0.03852696 0.9473691 5 0.9211303 0.002257683 3 11 12 
YKIC140110Loc_DoubleSound 1 500 6 1.820269 0.1386377 0.003786059 0.8564602 0.0005439196 0.0005720831 3 0.78542 0.4899519 5 10 3 
YKIC140110Loc_DoubleSound 1 500 24 7.385149 2.890268e-07 0.9999826 1.711592e-05 9.508864e-23 1.465122e-22 2 0.04285717 0.09572131 7 10 14 
YKIC140114Loc_DoubleSound 1 500 -24 3.583107 NaN NaN NaN NaN NaN 7.642698e-22 1.075514e-09 11 5 5 
YKIC140114Loc_DoubleSound 1 500 -6 13.53884 4.381991e-11 1 2.149784e-12 2.305201e-29 2.774024e-29 2 1.18074e-44 2.013034e-20 11 11 4 
YKIC140114Loc_DoubleSound 1 500 6 76.12795 0.8691937 0.1308063 5.626247e-24 1.793059e-46 1.871206e-46 1 0.08556402 0.0001190527 3 8 4 
YKIC140114Loc_DoubleSound 1 500 24 27.03933 0.9113904 0.08078118 0.007828397 1.569506e-17 1.642139e-17 1 0.138867 1.118443e-11 5 9 2 
YKIC140114Loc_DoubleSound 1 1100 -24 11.20103 NaN NaN NaN NaN NaN 2.235075e-16 1.073655e-09 7 5 5 
YKIC140114Loc_DoubleSound 1 1100 -6 10.38287 9.516838e-10 6.656355e-05 4.854951e-08 0.08385632 0.9160771 5 0.4947547 2.084519e-20 5 11 4 
YKIC140114Loc_DoubleSound 1 1100 6 -1.820067 NaN NaN NaN NaN NaN 0.9985128 0.0001213646 2 8 3 
YKIC140114Loc_DoubleSound 1 1100 24 14.01607 0.06213435 0.3860369 0.5518288 1.203035e-13 2.103135e-13 3 0.02513613 1.136478e-11 8 9 3 
YKIC140121Loc_DoubleSound 1 500 -24 -1.56884 0.4276917 0.00166845 0.007007366 0.01642209 0.5472103 5 0.7281686 0.2232376 9 12 17 
YKIC140121Loc_DoubleSound 1 500 -6 -0.7445851 0.001829062 1.131166e-05 0.05304678 0.3319677 0.6131451 5 0.1011998 0.01458209 11 10 13 
YKIC140121Loc_DoubleSound 1 500 6 4.613135 0.9790054 0.002632331 0.01826062 4.956419e-05 5.204468e-05 1 0.1643487 0.001817262 12 15 12 
YKIC140121Loc_DoubleSound 1 500 24 34.4095 0.9794744 0.02050558 2.004668e-05 2.644676e-18 2.69189e-18 1 0.001045346 0.9046583 10 13 20 
YKIC140121Loc_DoubleSound 1 1988 -24 -2.720873 0.9971502 8.820685e-09 0.002524325 0.0001606683 0.0001648225 1 0.2577235 0.2234877 9 12 12 
YKIC140121Loc_DoubleSound 1 1988 -6 4.732682 1.86546e-06 4.420266e-08 0.002221968 0.4492565 0.5485196 5 0.4324002 0.01480387 9 10 17 
YKIC140121Loc_DoubleSound 1 1988 6 14.35986 0.9930757 0.006559168 0.0003651657 1.822675e-09 1.856371e-09 1 0.7720438 0.001870871 9 15 10 
YKIC140121Loc_DoubleSound 1 1988 24 22.61371 0.9815414 0.0177224 0.0007362472 3.700453e-14 4.169921e-14 1 2.700457e-07 0.9048431 17 13 14 
YKIC140124Loc_DoubleSound 1 500 -24 -2.614966 0.6688429 5.323514e-06 0.1188591 0.1445401 0.06775256 1 0.3331189 2.494088e-07 7 16 14 
YKIC140124Loc_DoubleSound 1 500 -6 15.35943 0.1614389 0.8385609 1.738149e-07 1.779657e-15 2.030771e-15 2 0.03095729 0.0004139908 13 12 28 
YKIC140124Loc_DoubleSound 1 500 6 12.35584 1 1.214774e-10 3.727198e-20 1.040257e-22 1.154626e-22 1 0.002950657 5.163949e-15 13 13 27 
YKIC140124Loc_DoubleSound 1 500 24 37.41633 0.9976112 0.002388775 1.241194e-14 1.049311e-23 1.100321e-23 1 0.004667492 0.01599145 10 12 29 
YKIC140128Loc_DoubleSound 1 500 -24 -0.9496493 0.1099301 0.0003940253 0.7909643 0.04859657 0.05011495 3 0.008498203 0.2337993 20 11 15 
YKIC140128Loc_DoubleSound 1 500 -6 -1.28218 0.4099367 6.706895e-05 0.4399947 0.07374651 0.07625494 3 0.7784316 0.0335968 5 9 20 
YKIC140128Loc_DoubleSound 1 500 6 20.73196 0.9253031 0.07086509 0.003831791 2.963704e-12 3.267725e-12 1 0.3885033 0.006614164 16 20 20 
YKIC140128Loc_DoubleSound 1 500 24 22.11588 0.9999973 2.672616e-06 2.487014e-15 4.337009e-20 4.398895e-20 1 0.001120974 1.78421e-06 17 18 16 
YKIC140128Loc_DoubleSound 1 1632 -24 -0.05622285 4.838083e-06 0.00513571 0.003178214 0.167558 0.8241232 5 0.04155454 0.2332465 13 11 15 
YKIC140128Loc_DoubleSound 1 1632 -6 2.263113 1.300763e-06 2.497551e-06 0.003468235 0.4711583 0.5253696 5 0.02207089 0.0332087 11 9 19 
YKIC140128Loc_DoubleSound 1 1632 6 -2.560553 0.605245 0.0001044852 0.1207809 0.1066763 0.1671934 1 0.01598885 0.006494568 18 20 14 
YKIC140128Loc_DoubleSound 1 1632 24 -2.306651 0.9699059 2.482031e-05 0.02398593 0.00302065 0.003062718 1 0.003905221 1.824012e-06 21 18 20 
YKIC140130Loc_DoubleSound 1 500 -24 -3.548725 0.003891148 0.0001718575 0.8323178 0.08103685 0.0825823 3 2.900104e-16 1.112847e-06 23 28 21 
YKIC140130Loc_DoubleSound 1 500 -6 24.50562 0.9999991 9.40144e-07 7.300867e-22 2.766598e-26 2.87658e-26 1 2.451661e-09 2.855982e-09 19 27 49 
YKIC140130Loc_DoubleSound 1 500 6 56.2716 0.9993126 0.0006873983 1.453487e-14 4.181999e-33 4.326546e-33 1 2.53224e-14 6.823043e-08 29 28 28 
YKIC140130Loc_DoubleSound 1 500 24 91.21662 0.9939745 0.006025548 8.341081e-21 3.047242e-51 3.560166e-51 1 0.004017532 0.4141297 15 11 37 
YKIC140130Loc_DoubleSound 1 1100 -24 2.050098 3.074414e-10 0.0128645 1.545862e-10 0.0003511132 0.9867844 5 5.964159e-07 1.172955e-06 24 28 36 
YKIC140130Loc_DoubleSound 1 1100 -6 13.27156 1.436924e-08 9.983552e-16 9.778809e-05 0.4479907 0.5519115 5 0.009410124 2.975875e-09 13 27 37 
YKIC140130Loc_DoubleSound 1 1100 6 0.8366568 0.6610021 0.02195577 0.3155865 0.000702379 0.0007533171 1 3.28798e-10 6.927486e-08 23 28 19 
YKIC140130Loc_DoubleSound 1 1100 24 3.279019 9.837668e-05 0.4243971 0.575504 2.573531e-07 3.187316e-07 3 0.0005543496 0.4034082 24 11 41 
YKIC140131Loc_DoubleSound 1 609 -24 31.38424 1.551065e-56 1 2.942273e-63 6.732293e-14 1.001057e-09 2 1.333107e-05 1.210358e-55 17 16 12 
YKIC140131Loc_DoubleSound 1 609 -6 -11.11655 1.833769e-30 1 3.113565e-93 2.214111e-44 3.548168e-39 2 NaN 2.581215e-58 8 15 17 
YKIC140131Loc_DoubleSound 1 609 6 13.01494 5.377521e-23 1 1.233862e-57 1.216456e-72 1.123468e-67 2 4.625423e-105 7.126143e-39 22 24 14 
YKIC140131Loc_DoubleSound 1 609 24 128.0994 5.491666e-06 0.9999945 1.95187e-110 1.339135e-150 1.464214e-150 2 NaN 3.864757e-27 15 11 21 
YKIC140131Loc_DoubleSound 1 1100 -24 41.68045 NaN NaN NaN NaN NaN 4.699672e-42 1.254842e-55 19 16 18 
YKIC140131Loc_DoubleSound 1 1100 -6 58.02045 3.897711e-54 1.769145e-56 8.916083e-82 7.763377e-09 1 5 4.724893e-46 2.678402e-58 13 15 14 
YKIC140131Loc_DoubleSound 1 1100 6 -5.986854 1 2.055551e-22 2.590767e-25 4.976715e-31 2.223277e-26 1 6.322897e-84 6.739184e-39 20 24 13 
YKIC140131Loc_DoubleSound 1 1100 24 -4.330613 1 7.314554e-11 3.130489e-23 2.061897e-25 3.845684e-25 1 1.013732e-46 3.97675e-27 16 11 19 
YKIC140205Loc_DoubleSound 1 903 -24 -1.932813 0.9275939 1.6026e-11 0.0608223 0.002376147 0.009207664 1 0.7363306 0.1497347 12 25 14 
YKIC140205Loc_DoubleSound 1 903 -6 -2.439429 0.8731 8.503247e-08 0.1003228 0.01303836 0.01353877 1 0.08615539 0.007812056 15 13 15 
YKIC140205Loc_DoubleSound 1 903 6 -1.74341 0.9998299 4.65136e-10 0.0001475569 1.109098e-05 1.142286e-05 1 0.04606615 0.03465632 17 16 12 
YKIC140205Loc_DoubleSound 1 903 24 2.01262 0.7900606 0.006906838 0.2017586 0.0006061395 0.0006678838 1 0.357637 1.116428 13 17 11 
YKIC140205Loc_DoubleSound 1 1632 -24 -1.896793 0.3273664 3.795813e-05 0.4472689 0.1099931 0.1153336 3 0.1699407 0.1587257 12 25 11 
YKIC140205Loc_DoubleSound 1 1632 -6 -1.832622 0.001080192 4.608931e-07 0.1721951 0.3035437 0.5231805 5 0.1274548 0.007939645 13 13 24 
YKIC140205Loc_DoubleSound 1 1632 6 -2.114016 0.1173962 6.056415e-06 0.6247951 0.1279118 0.1298908 3 0.3147381 0.03605535 18 16 19 
YKIC140205Loc_DoubleSound 1 1632 24 4.912192 0.9612621 0.003404494 0.03523645 4.8283e-05 4.871346e-05 1 3.998803e-06 1.102228 22 17 19 
YKIC140217Loc_DoubleSound 1 500 -24 9.122741 1.950274e-19 3.390573e-35 6.120959e-48 0.0001040021 0.999896 5 NaN 3.130934e-19 5 4 8 
YKIC140217Loc_DoubleSound 1 500 -6 -11.03337 1 4.35115e-113 6.215404e-96 1.613228e-62 2.208538e-50 1 7.420173e-10 5.056415e-11 4 9 16 
YKIC140217Loc_DoubleSound 1 500 6 10.5791 1 1.246746e-20 4.113349e-31 8.785593e-44 2.452809e-43 1 NaN NaN 16 10 13 
YKIC140217Loc_DoubleSound 1 500 24 -17.15123 1 3.12978e-165 1.048584e-139 7.528965e-103 3.466152e-97 1 NaN 0.01512529 10 6 18 
YKIC140217Loc_DoubleSound 1 1340 -24 -13.07943 1.6063e-06 0.9997412 0.0002524866 1.531943e-06 3.172306e-06 2 4.212631e-10 3.145432e-19 8 4 3 
YKIC140217Loc_DoubleSound 1 1340 -6 4.513431 1 2.679735e-138 4.197118e-67 4.830735e-40 6.196116e-37 1 1.438218e-24 5.026302e-11 7 9 14 
YKIC140217Loc_DoubleSound 1 1340 6 -3.092525 1 7.402426e-09 1.062817e-14 2.595658e-23 4.10654e-23 1 1.540925e-31 NaN 7 10 9 
YKIC140217Loc_DoubleSound 1 1340 24 -8.59661 1 1.909708e-85 1.250248e-70 3.684749e-35 9.791683e-31 1 NaN 0.01491524 9 6 14 
YKIC140220Loc_DoubleSound 1 500 -24 0.4529065 0.01933636 4.52839e-12 0.6299594 0.1305655 0.2201387 3 0.1037142 0.1262703 19 18 24 
YKIC140220Loc_DoubleSound 1 500 -6 2.189684 7.346255e-07 9.360858e-12 0.0002621875 0.06260121 0.9371359 5 0.0004460063 0.2260221 15 16 36 
YKIC140220Loc_DoubleSound 1 500 6 14.187 0.4320521 0.567813 0.0001349474 1.305501e-13 1.991175e-13 2 0.02690663 1.118058e-08 26 22 20 
YKIC140220Loc_DoubleSound 1 500 24 66.33212 0.9999938 6.18745e-06 3.62477e-36 3.256165e-48 4.571955e-48 1 0.1302493 0.00220654 22 23 32 
YKIC140220Loc_DoubleSound 1 1988 -24 0.0578122 0.2513239 4.757915e-14 0.4147034 0.03085619 0.3031166 3 0.09406748 0.116054 18 18 22 
YKIC140220Loc_DoubleSound 1 1988 -6 41.62986 4.060615e-20 1.644816e-12 3.357496e-15 0.9942918 0.005708199 4 0.7954244 0.2234098 14 16 31 
YKIC140220Loc_DoubleSound 1 1988 6 32.7355 0.9989654 0.001034587 5.631451e-08 6.487624e-20 6.853665e-20 1 0.0001058475 1.058979e-08 23 22 18 
YKIC140220Loc_DoubleSound 1 1988 24 10.87048 0.9998301 0.0001668381 3.034656e-06 1.897503e-12 3.509178e-12 1 0.009094663 0.002277299 21 23 39 
YKIC140221Loc_DoubleSound 1 500 -24 -2.305069 0.006934659 3.114091e-07 0.2540973 0.3461748 0.3927929 5 0.02719132 0.03005939 35 56 42 
YKIC140221Loc_DoubleSound 1 500 -6 -1.824399 0.0049784 6.665103e-10 0.341564 0.2106966 0.442761 5 0.02288749 0.0427417 32 40 50 
YKIC140221Loc_DoubleSound 1 500 6 17.69813 0.5788987 0.04553549 0.3755658 1.107085e-11 1.116489e-11 1 0.003755494 0.006291251 41 34 40 
YKIC140221Loc_DoubleSound 1 500 24 76.67282 0.9591197 0.04088026 1.170346e-13 3.514758e-39 3.566312e-39 1 0.1655665 3.276107e-06 46 33 47 
YKIC140221Loc_DoubleSound 1 1100 -24 0.1199815 0.005107461 2.886488e-09 0.5977732 0.1766366 0.2204827 3 0.02328051 0.02887316 42 56 24 
YKIC140221Loc_DoubleSound 1 1100 -6 54.0693 7.697659e-15 2.0902e-38 5.490411e-10 0.2073934 0.7926066 5 0.0005828456 0.04153161 37 40 56 
YKIC140221Loc_DoubleSound 1 1100 6 24.7896 0.0329641 0.00171451 0.9653214 3.404194e-15 3.484366e-15 3 0.0004851934 0.006078762 43 34 33 
